Cacheline	New Node ID	Offset	Eviction Cycle	Node ID	Graph Node ID	Graph Node Deg	Unused Space	Cache Level
6365208	28	24	55381		28	-1		-1		60.000000		1
6370288	28	48	63527		28	-1		-1		60.000000		1
6410064	31	16	63782		28	-1		-1		60.000000		1
6434872	25	56	66938		28	-1		-1		60.000000		1
6402056	28	8	67285		28	-1		-1		60.000000		1
6385720	28	56	69892		28	-1		-1		60.000000		1
6389784	31	24	70815		28	-1		-1		60.000000		1
6440848	19	16	76601		28	-1		-1		60.000000		1
8046140	28	60	79714		42	-1		-1		0.000000		1
6353724	28	60	81829		8	-1		-1		0.000000		1
6422528	28	0	82117		28	-1		-1		60.000000		1
6459440	28	48	83713		28	-1		-1		60.000000		1
6353916	28	60	84781		8	-1		-1		0.000000		1
6468408	28	56	85178		19	-1		-1		32.000000		1
6368896	28	0	88835		28	-1		-1		60.000000		1
6417792	28	0	89179		28	-1		-1		60.000000		1
6451216	28	16	89232		28	-1		-1		60.000000		1
6381400	28	24	90926		28	-1		-1		60.000000		1
6436784	28	48	91993		28	-1		-1		60.000000		1
6444600	28	56	92711		28	-1		-1		60.000000		1
6373040	28	48	93759		28	-1		-1		60.000000		1
6420120	28	24	96528		28	-1		-1		60.000000		1
6443816	31	40	98435		28	-1		-1		60.000000		1
6443384	28	56	99144		28	-1		-1		60.000000		1
6415872	28	0	99588		28	-1		-1		60.000000		1
6381672	28	40	100256		28	-1		-1		60.000000		1
6462200	28	56	101170		31	-1		-1		32.000000		1
6455344	28	48	101508		28	-1		-1		56.000000		1
6374872	28	24	103458		28	-1		-1		60.000000		1
6424456	11	8	104455		28	-1		-1		60.000000		1
6356156	28	60	105057		25	-1		-1		0.000000		1
6468600	31	56	105692		19	-1		-1		32.000000		1
6453936	19	48	107892		28	-1		-1		60.000000		1
6378016	28	32	109071		28	-1		-1		60.000000		1
6416184	28	56	109409		28	-1		-1		60.000000		1
6407712	28	32	110323		28	-1		-1		60.000000		1
6460176	28	16	110611		28	-1		-1		60.000000		1
6400752	19	48	110890		28	-1		-1		60.000000		1
6421328	28	16	110949		28	-1		-1		60.000000		1
6356412	28	60	111237		25	-1		-1		0.000000		1
6380280	42	56	112257		28	-1		-1		60.000000		1
6435944	28	40	112304		28	-1		-1		60.000000		1
6434064	28	16	112930		28	-1		-1		60.000000		1
6440120	31	56	113227		28	-1		-1		60.000000		1
6436960	28	32	113980		28	-1		-1		60.000000		1
6356284	28	60	114654		25	-1		-1		0.000000		1
6467960	28	56	114942		19	-1		-1		48.000000		1
6469176	28	56	115621		19	-1		-1		32.000000		1
6462648	28	56	115959		31	-1		-1		32.000000		1
6462328	19	56	116814		31	-1		-1		32.000000		1
6389008	28	16	117161		28	-1		-1		60.000000		1
6448408	31	24	117416		28	-1		-1		60.000000		1
6419256	28	56	117449		28	-1		-1		60.000000		1
6417160	42	8	117980		28	-1		-1		60.000000		1
6457216	28	0	118125		28	-1		-1		60.000000		1
6418432	28	0	118810		28	-1		-1		60.000000		1
6363976	28	8	119612		28	-1		-1		60.000000		1
6366112	28	32	120003		28	-1		-1		60.000000		1
6412352	11	0	121321		28	-1		-1		60.000000		1
6386672	28	48	121685		28	-1		-1		60.000000		1
6450152	19	40	121964		28	-1		-1		60.000000		1
6431520	25	32	122014		28	-1		-1		60.000000		1
6401824	28	32	122023		28	-1		-1		60.000000		1
6462136	28	56	122649		31	-1		-1		32.000000		1
6431696	28	16	122987		28	-1		-1		60.000000		1
8046076	31	60	123530		42	-1		-1		8.000000		1
6448600	28	24	123563		28	-1		-1		60.000000		1
6458336	28	32	123616		28	-1		-1		60.000000		1
6418976	28	32	123954		28	-1		-1		60.000000		1
6368112	42	48	124245		28	-1		-1		60.000000		1
6353980	28	60	125058		8	-1		-1		0.000000		1
6460928	31	0	125313		28	-1		-1		60.000000		1
6422120	28	40	125402		28	-1		-1		60.000000		1
6381576	28	8	125455		28	-1		-1		60.000000		1
6468152	28	56	126279		19	-1		-1		32.000000		1
6461944	28	56	126855		31	-1		-1		32.000000		1
8046204	31	60	127202		42	-1		-1		0.000000		1
6446016	28	0	127235		28	-1		-1		60.000000		1
6462264	28	56	127573		31	-1		-1		32.000000		1
6390112	28	32	127964		28	-1		-1		60.000000		1
6356092	28	60	128294		25	-1		-1		0.000000		1
6433896	19	40	128573		28	-1		-1		60.000000		1
8046268	31	60	129077		42	-1		-1		0.000000		1
6433616	28	16	129213		28	-1		-1		60.000000		1
6417112	28	24	129501		28	-1		-1		60.000000		1
6448000	25	0	130221		28	-1		-1		60.000000		1
6461024	28	32	130230		28	-1		-1		56.000000		1
6388896	19	32	130509		28	-1		-1		60.000000		1
6468792	28	56	130621		19	-1		-1		32.000000		1
6353660	28	60	131247		8	-1		-1		16.000000		1
6430576	28	48	131535		28	-1		-1		60.000000		1
6440672	31	32	131790		28	-1		-1		60.000000		1
6461624	28	56	132295		31	-1		-1		48.000000		1
6382272	28	0	132871		28	-1		-1		60.000000		1
6362944	28	0	133159		28	-1		-1		60.000000		1
6461688	11	56	133524		31	-1		-1		32.000000		1
6441032	28	8	133609		28	-1		-1		60.000000		1
8046396	31	60	133864		42	-1		-1		0.000000		1
6356220	19	60	133930		25	-1		-1		0.000000		1
6468024	28	56	133989		19	-1		-1		32.000000		1
6403032	25	24	134310		28	-1		-1		56.000000		1
6454584	28	56	134319		28	-1		-1		60.000000		1
6354108	28	60	134657		8	-1		-1		0.000000		1
6437064	28	8	134945		28	-1		-1		60.000000		1
6412104	31	8	135826		28	-1		-1		60.000000		1
6368192	42	0	136200		28	-1		-1		60.000000		1
8046332	28	60	136247		42	-1		-1		0.000000		1
6378648	28	24	136585		28	-1		-1		60.000000		1
6462776	19	56	137582		31	-1		-1		32.000000		1
6378256	28	16	137982		28	-1		-1		52.000000		1
8046524	31	60	138237		42	-1		-1		0.000000		1
6449392	28	48	138270		28	-1		-1		60.000000		1
6468664	25	56	138836		19	-1		-1		32.000000		1
8046716	28	60	138845		42	-1		-1		0.000000		1
6421184	28	0	139133		28	-1		-1		60.000000		1
6461752	11	56	139445		31	-1		-1		32.000000		1
6433272	28	56	139524		28	-1		-1		60.000000		1
6462584	28	56	140404		31	-1		-1		32.000000		1
6414088	28	8	140963		28	-1		-1		60.000000		1
6456968	28	8	141343		28	-1		-1		60.000000		1
8046652	31	60	141598		42	-1		-1		0.000000		1
6462904	19	56	141622		31	-1		-1		32.000000		1
6398376	28	40	141681		28	-1		-1		60.000000		1
6468728	25	56	142340		19	-1		-1		32.000000		1
6366392	28	56	142349		28	-1		-1		60.000000		1
6353788	28	60	142637		8	-1		-1		0.000000		1
6383288	28	56	142975		28	-1		-1		60.000000		1
6376664	28	24	143355		28	-1		-1		60.000000		1
6469752	31	56	143610		19	-1		-1		32.000000		1
6380872	28	8	143735		28	-1		-1		60.000000		1
8046460	28	60	144115		42	-1		-1		0.000000		1
6396264	11	40	144427		28	-1		-1		60.000000		1
6461816	28	56	144545		31	-1		-1		32.000000		1
6438360	19	24	144866		28	-1		-1		60.000000		1
6441112	31	24	145180		28	-1		-1		60.000000		1
6427136	28	0	145263		28	-1		-1		60.000000		1
6458072	28	24	145889		28	-1		-1		56.000000		1
6411440	25	48	146168		28	-1		-1		60.000000		1
6469240	28	56	146177		19	-1		-1		32.000000		1
6425688	42	24	147136		28	-1		-1		60.000000		1
6368440	28	56	147183		28	-1		-1		60.000000		1
6359280	31	48	147438		28	-1		-1		60.000000		1
6420072	28	40	147616		28	-1		-1		60.000000		1
6459768	28	56	148007		28	-1		-1		60.000000		1
6469496	28	56	148295		19	-1		-1		32.000000		1
6380728	28	56	148633		28	-1		-1		60.000000		1
6449200	28	48	148921		28	-1		-1		60.000000		1
6388024	31	56	149218		28	-1		-1		60.000000		1
6353852	28	60	149301		8	-1		-1		0.000000		1
6418232	28	56	149639		28	-1		-1		60.000000		1
6440952	28	56	150315		28	-1		-1		60.000000		1
6468344	28	56	150603		19	-1		-1		32.000000		1
6453176	28	56	150941		28	-1		-1		60.000000		1
6377744	28	16	151229		28	-1		-1		60.000000		1
6463544	28	56	151477		31	-1		-1		32.000000		1
6461880	11	56	151541		31	-1		-1		32.000000		1
6388040	31	8	151576		28	-1		-1		60.000000		1
6368840	19	8	151653		28	-1		-1		60.000000		1
6357052	28	60	152011		25	-1		-1		0.000000		1
6397072	42	16	152302		28	-1		-1		60.000000		1
6436104	28	8	152349		28	-1		-1		60.000000		1
8047036	31	60	153129		42	-1		-1		0.000000		1
6364848	19	48	153153		28	-1		-1		60.000000		1
6468472	28	56	153218		19	-1		-1		32.000000		1
6364344	28	56	153506		28	-1		-1		60.000000		1
6392904	28	8	153794		28	-1		-1		56.000000		1
6370560	25	0	154176		28	-1		-1		56.000000		1
6433560	28	24	154185		28	-1		-1		60.000000		1
6462456	28	56	154473		31	-1		-1		32.000000		1
6404424	28	8	154811		28	-1		-1		56.000000		1
6470072	28	56	155099		19	-1		-1		32.000000		1
6416864	31	32	155692		28	-1		-1		60.000000		1
6354044	28	60	155775		8	-1		-1		0.000000		1
6469688	28	56	156063		19	-1		-1		32.000000		1
8046844	28	60	156351		42	-1		-1		0.000000		1
6413400	28	24	156404		28	-1		-1		60.000000		1
6445544	11	40	156716		28	-1		-1		60.000000		1
6468536	28	56	156834		19	-1		-1		32.000000		1
6387832	28	56	157122		28	-1		-1		56.000000		1
6457624	28	24	157410		28	-1		-1		60.000000		1
6455032	19	56	157689		28	-1		-1		60.000000		1
6414472	28	8	157748		28	-1		-1		60.000000		1
6422824	28	40	158086		28	-1		-1		60.000000		1
6462712	42	56	158561		31	-1		-1		32.000000		1
8046908	28	60	158608		42	-1		-1		0.000000		1
6385760	28	32	158711		28	-1		-1		60.000000		1
6430800	28	16	158764		28	-1		-1		60.000000		1
6451344	28	16	159102		28	-1		-1		60.000000		1
6469880	28	56	159678		19	-1		-1		32.000000		1
6438656	19	0	160010		28	-1		-1		60.000000		1
6361496	28	24	160253		28	-1		-1		60.000000		1
6367360	28	0	160541		28	-1		-1		60.000000		1
6362608	28	48	160829		28	-1		-1		60.000000		1
6363160	28	24	161167		28	-1		-1		60.000000		1
6367936	28	0	161270		28	-1		-1		60.000000		1
6412984	31	56	161422		28	-1		-1		60.000000		1
6437544	28	40	161558		28	-1		-1		60.000000		1
6408200	28	8	161661		28	-1		-1		60.000000		1
6462008	11	56	161973		31	-1		-1		32.000000		1
6436280	25	56	161990		28	-1		-1		60.000000		1
6366960	28	48	162091		28	-1		-1		60.000000		1
6414176	19	32	162370		28	-1		-1		60.000000		1
6462392	28	56	162471		31	-1		-1		32.000000		1
6433728	28	0	162862		28	-1		-1		60.000000		1
6445768	31	8	163117		28	-1		-1		60.000000		1
6432688	28	48	163242		28	-1		-1		56.000000		1
6429400	28	24	163530		28	-1		-1		60.000000		1
6468280	28	56	163818		19	-1		-1		32.000000		1
6438152	42	8	164109		28	-1		-1		60.000000		1
6412088	28	56	164156		28	-1		-1		60.000000		1
6421704	28	8	164444		28	-1		-1		60.000000		1
6409624	28	24	164941		28	-1		-1		60.000000		1
6416016	28	16	164994		28	-1		-1		60.000000		1
6400816	31	48	165249		28	-1		-1		60.000000		1
6356348	28	60	165338		25	-1		-1		0.000000		1
6397376	28	0	165821		28	-1		-1		60.000000		1
6393056	28	32	165924		28	-1		-1		60.000000		1
6432216	25	24	166150		28	-1		-1		60.000000		1
6380432	28	16	166212		28	-1		-1		60.000000		1
6421136	28	16	166500		28	-1		-1		60.000000		1
6381016	28	24	166950		28	-1		-1		60.000000		1
6425824	28	32	167238		28	-1		-1		60.000000		1
6409048	31	24	167493		28	-1		-1		56.000000		1
6469560	28	56	167618		19	-1		-1		32.000000		1
6469112	28	56	167866		19	-1		-1		32.000000		1
6462840	42	56	168054		31	-1		-1		32.000000		1
6418776	28	24	168204		28	-1		-1		60.000000		1
6443056	28	48	168880		28	-1		-1		60.000000		1
6462072	28	56	169168		31	-1		-1		32.000000		1
6421408	31	32	169423		28	-1		-1		60.000000		1
6438928	19	16	169447		28	-1		-1		56.000000		1
6418640	28	16	169559		28	-1		-1		60.000000		1
6429624	28	56	169897		28	-1		-1		60.000000		1
6445960	28	8	170185		28	-1		-1		60.000000		1
6424064	25	0	170626		28	-1		-1		60.000000		1
6416192	28	0	170635		28	-1		-1		60.000000		1
6417064	11	40	170947		28	-1		-1		60.000000		1
6373496	28	56	170973		28	-1		-1		60.000000		1
6419680	28	32	171311		28	-1		-1		60.000000		1
6455392	19	32	171590		28	-1		-1		60.000000		1
6390992	28	16	171649		28	-1		-1		60.000000		1
6454216	31	8	171946		28	-1		-1		60.000000		1
6460864	28	0	172029		28	-1		-1		56.000000		1
6356604	28	60	172317		25	-1		-1		0.000000		1
6406952	28	40	172747		28	-1		-1		60.000000		1
6376872	42	40	173038		28	-1		-1		60.000000		1
6388688	28	16	173180		28	-1		-1		60.000000		1
8046780	28	60	173468		42	-1		-1		0.000000		1
6403448	28	56	173756		28	-1		-1		60.000000		1
6421560	31	56	174011		28	-1		-1		60.000000		1
6470584	28	56	174094		19	-1		-1		32.000000		1
6456752	28	48	174382		28	-1		-1		60.000000		1
6468984	28	56	174720		19	-1		-1		32.000000		1
6406320	19	48	174999		28	-1		-1		60.000000		1
6411864	25	24	175102		28	-1		-1		60.000000		1
6402584	28	24	175153		28	-1		-1		60.000000		1
6468920	28	56	175396		19	-1		-1		32.000000		1
6437976	31	24	175651		28	-1		-1		60.000000		1
6416600	28	24	175734		28	-1		-1		60.000000		1
6354300	28	60	175837		8	-1		-1		0.000000		1
6470392	11	56	176149		19	-1		-1		32.000000		1
6407088	28	48	176175		28	-1		-1		60.000000		1
6435008	19	0	176507		28	-1		-1		60.000000		1
6438768	28	48	176566		28	-1		-1		56.000000		1
6460280	28	56	176854		28	-1		-1		60.000000		1
6449248	28	32	177010		28	-1		-1		60.000000		1
6356476	42	60	177354		25	-1		-1		0.000000		1
6445944	28	56	177496		28	-1		-1		56.000000		1
6450336	31	32	177751		28	-1		-1		60.000000		1
6364560	28	16	177932		28	-1		-1		60.000000		1
6431016	28	40	178220		28	-1		-1		60.000000		1
6414632	19	40	178499		28	-1		-1		60.000000		1
6444720	25	48	178602		28	-1		-1		60.000000		1
6440848	28	16	178611		28	-1		-1		60.000000		1
6469048	28	56	178899		19	-1		-1		32.000000		1
6442160	28	48	179187		28	-1		-1		60.000000		1
6411088	28	16	179240		28	-1		-1		60.000000		1
8047100	28	60	179578		42	-1		-1		0.000000		1
6372584	31	40	179833		28	-1		-1		60.000000		1
6379264	28	0	179916		28	-1		-1		60.000000		1
6464056	28	56	180254		31	-1		-1		32.000000		1
6437688	11	56	180619		28	-1		-1		60.000000		1
6422696	28	40	180645		28	-1		-1		60.000000		1
6463736	28	56	180983		31	-1		-1		32.000000		1
6354556	28	60	181416		8	-1		-1		0.000000		1
6381912	19	24	181592		28	-1		-1		56.000000		1
6354364	28	60	181754		8	-1		-1		0.000000		1
6425880	31	24	182009		28	-1		-1		60.000000		1
6357244	28	60	182042		25	-1		-1		0.000000		1
6405936	28	48	182330		28	-1		-1		60.000000		1
6429256	28	8	182668		28	-1		-1		60.000000		1
6424296	25	40	182947		28	-1		-1		60.000000		1
6469816	28	56	182956		19	-1		-1		32.000000		1
6388600	28	56	183009		28	-1		-1		60.000000		1
6436432	28	16	183347		28	-1		-1		60.000000		1
6385016	31	56	183736		28	-1		-1		60.000000		1
6447760	28	16	183819		28	-1		-1		60.000000		1
6439976	28	40	184157		28	-1		-1		56.000000		1
6430104	28	24	184445		28	-1		-1		60.000000		1
6458688	28	0	184733		28	-1		-1		60.000000		1
6403816	28	40	185021		28	-1		-1		60.000000		1
6388536	28	56	185359		28	-1		-1		60.000000		1
6390144	19	0	185638		28	-1		-1		60.000000		1
6386616	28	56	185697		28	-1		-1		60.000000		1
6463864	28	56	186035		31	-1		-1		32.000000		1
6401424	28	16	186138		28	-1		-1		56.000000		1
6450584	31	24	186290		28	-1		-1		60.000000		1
6470456	28	56	186582		19	-1		-1		32.000000		1
6458208	11	32	186894		28	-1		-1		60.000000		1
6375592	28	40	187085		28	-1		-1		56.000000		1
6453048	25	56	187461		28	-1		-1		60.000000		1
6388400	28	48	187470		28	-1		-1		60.000000		1
6385720	28	56	187758		28	-1		-1		60.000000		1
6426184	42	8	188049		28	-1		-1		60.000000		1
6422520	28	56	188096		28	-1		-1		56.000000		1
6469432	28	56	188384		19	-1		-1		32.000000		1
6464440	28	56	188487		31	-1		-1		32.000000		1
6462968	31	56	188742		31	-1		-1		32.000000		1
8046972	28	60	188831		42	-1		-1		0.000000		1
6421304	28	56	189119		28	-1		-1		60.000000		1
6394704	28	16	189457		28	-1		-1		60.000000		1
6373928	19	40	189736		28	-1		-1		60.000000		1
6448928	28	32	189842		28	-1		-1		60.000000		1
6354428	28	60	190130		8	-1		-1		0.000000		1
6470328	28	56	190418		19	-1		-1		32.000000		1
6356668	28	60	190713		25	-1		-1		0.000000		1
6356540	31	60	190968		25	-1		-1		0.000000		1
6408096	28	32	191043		28	-1		-1		56.000000		1
6368368	28	48	191331		28	-1		-1		60.000000		1
6376344	11	24	191643		28	-1		-1		60.000000		1
6457152	25	0	191660		28	-1		-1		60.000000		1
8046588	28	60	191669		42	-1		-1		0.000000		1
6446536	28	8	192013		28	-1		-1		56.000000		1
6375328	28	32	192066		28	-1		-1		60.000000		1
6463032	28	56	192354		31	-1		-1		32.000000		1
6357564	28	60	192510		25	-1		-1		0.000000		1
8047420	28	60	192563		42	-1		-1		0.000000		1
6390384	19	48	192633		28	-1		-1		60.000000		1
6463096	31	56	192765		31	-1		-1		32.000000		1
6375992	28	56	192954		28	-1		-1		60.000000		1
6463160	42	56	193287		31	-1		-1		32.000000		1
6409584	28	48	193387		28	-1		-1		60.000000		1
6367872	28	0	193482		28	-1		-1		60.000000		1
8047356	28	60	193820		42	-1		-1		0.000000		1
6431408	19	48	194146		28	-1		-1		60.000000		1
6463800	28	56	194205		31	-1		-1		32.000000		1
6446744	31	24	194460		28	-1		-1		56.000000		1
6463480	28	56	194549		31	-1		-1		32.000000		1
6430312	28	40	194837		28	-1		-1		60.000000		1
6382736	28	16	195125		28	-1		-1		60.000000		1
6356796	28	60	195281		25	-1		-1		0.000000		1
6373376	28	0	195376		28	-1		-1		60.000000		1
6453288	28	40	195479		28	-1		-1		60.000000		1
6354876	25	60	195507		8	-1		-1		0.000000		1
6423928	28	56	195823		28	-1		-1		60.000000		1
6401776	31	48	196078		28	-1		-1		56.000000		1
6470648	11	56	196135		19	-1		-1		32.000000		1
6453824	28	0	196161		28	-1		-1		60.000000		1
6356732	28	60	196256		25	-1		-1		0.000000		1
6443744	19	32	196588		28	-1		-1		60.000000		1
6463672	28	56	196781		31	-1		-1		32.000000		1
6376024	28	24	197211		28	-1		-1		60.000000		1
6429456	28	16	197356		28	-1		-1		56.000000		1
6463288	31	56	197466		31	-1		-1		32.000000		1
6463224	42	56	197502		31	-1		-1		32.000000		1
6469624	25	56	197727		19	-1		-1		32.000000		1
6427416	28	24	197736		28	-1		-1		60.000000		1
6463608	28	56	198037		31	-1		-1		32.000000		1
6464312	19	56	198160		31	-1		-1		32.000000		1
6395464	28	8	198182		28	-1		-1		60.000000		1
6356860	31	60	198437		25	-1		-1		0.000000		1
6410576	28	16	198573		28	-1		-1		60.000000		1
6354236	28	60	198626		8	-1		-1		0.000000		1
6372096	28	0	198964		28	-1		-1		60.000000		1
6462520	11	56	199276		31	-1		-1		32.000000		1
6386232	28	56	199302		28	-1		-1		60.000000		1
6360224	28	32	199590		28	-1		-1		60.000000		1
6470840	28	56	199735		19	-1		-1		32.000000		1
6464696	28	56	200023		31	-1		-1		32.000000		1
6434736	31	48	200278		28	-1		-1		60.000000		1
6365408	28	32	200311		28	-1		-1		60.000000		1
6464376	19	56	200590		31	-1		-1		32.000000		1
6423952	28	16	200702		28	-1		-1		60.000000		1
6458624	28	0	201040		28	-1		-1		60.000000		1
6355004	25	60	201369		8	-1		-1		0.000000		1
6389440	28	0	201378		28	-1		-1		60.000000		1
6434560	42	0	201669		28	-1		-1		56.000000		1
6382504	28	40	201716		28	-1		-1		60.000000		1
6362088	28	40	202004		28	-1		-1		60.000000		1
6469368	28	56	202334		19	-1		-1		32.000000		1
6356988	31	60	202589		25	-1		-1		0.000000		1
6411200	28	0	202672		28	-1		-1		60.000000		1
6401024	28	0	202960		28	-1		-1		60.000000		1
6403688	28	40	203248		28	-1		-1		60.000000		1
6357180	28	60	203301		25	-1		-1		0.000000		1
6431576	28	24	203589		28	-1		-1		56.000000		1
6446272	28	0	203877		28	-1		-1		56.000000		1
6447808	28	0	204215		28	-1		-1		60.000000		1
6470008	28	56	204503		19	-1		-1		32.000000		1
6448688	28	48	204556		28	-1		-1		60.000000		1
6397968	31	16	204758		28	-1		-1		60.000000		1
6357948	19	60	204888		25	-1		-1		0.000000		1
6357116	28	60	205006		25	-1		-1		0.000000		1
6408264	25	8	205377		28	-1		-1		56.000000		1
6390856	28	8	205428		28	-1		-1		60.000000		1
6398464	28	0	205766		28	-1		-1		56.000000		1
6417576	28	40	205869		28	-1		-1		60.000000		1
6452160	28	0	205922		28	-1		-1		60.000000		1
6426704	31	16	206177		28	-1		-1		56.000000		1
6405824	28	0	206260		28	-1		-1		60.000000		1
8047548	28	60	206313		42	-1		-1		0.000000		1
6470776	11	56	206390		19	-1		-1		32.000000		1
6354812	28	60	206469		8	-1		-1		0.000000		1
6464504	28	56	206757		31	-1		-1		32.000000		1
6420800	28	0	206810		28	-1		-1		60.000000		1
8047292	28	60	207098		42	-1		-1		0.000000		1
6445248	28	0	207151		28	-1		-1		60.000000		1
6407128	19	24	207430		28	-1		-1		60.000000		1
6438984	28	8	207489		28	-1		-1		56.000000		1
6357372	28	60	207645		25	-1		-1		0.000000		1
6447280	31	48	207744		28	-1		-1		60.000000		1
6368552	28	40	207933		28	-1		-1		60.000000		1
6354684	28	60	208221		8	-1		-1		0.000000		1
6355132	25	60	208550		8	-1		-1		0.000000		1
6463352	42	56	208604		31	-1		-1		32.000000		1
6401648	28	48	208704		28	-1		-1		60.000000		1
6469304	28	56	209048		19	-1		-1		32.000000		1
6411720	28	8	209101		28	-1		-1		60.000000		1
6470136	28	56	209439		19	-1		-1		32.000000		1
6402056	28	8	209595		28	-1		-1		60.000000		1
6385912	31	56	209694		28	-1		-1		56.000000		1
6413576	28	8	209704		28	-1		-1		60.000000		1
6415384	19	24	209718		28	-1		-1		60.000000		1
6400896	28	0	209992		28	-1		-1		60.000000		1
6415688	28	8	210280		28	-1		-1		60.000000		1
6368656	28	16	210618		28	-1		-1		52.000000		1
6430360	28	24	210956		28	-1		-1		60.000000		1
6465144	28	56	211294		31	-1		-1		32.000000		1
6384776	11	8	211371		28	-1		-1		60.000000		1
6429976	28	24	211632		28	-1		-1		60.000000		1
6357308	31	60	211887		25	-1		-1		0.000000		1
6380568	28	24	211920		28	-1		-1		56.000000		1
6375416	28	56	212258		28	-1		-1		60.000000		1
6450176	28	0	212546		28	-1		-1		60.000000		1
6424808	25	40	212640		28	-1		-1		60.000000		1
6397792	28	32	212741		28	-1		-1		60.000000		1
6452320	19	32	212825		28	-1		-1		56.000000		1
6421960	28	8	213029		28	-1		-1		60.000000		1
6376608	28	32	213185		28	-1		-1		60.000000		1
6435184	31	48	213247		28	-1		-1		60.000000		1
6397880	42	56	213518		28	-1		-1		60.000000		1
6465720	28	56	213607		31	-1		-1		32.000000		1
6434352	28	48	213895		28	-1		-1		56.000000		1
6366304	28	32	214225		28	-1		-1		60.000000		1
6464888	28	56	214513		31	-1		-1		32.000000		1
6365224	28	40	214616		28	-1		-1		60.000000		1
6463928	31	56	214678		31	-1		-1		32.000000		1
6468856	28	56	214946		19	-1		-1		32.000000		1
6464632	28	56	215284		31	-1		-1		32.000000		1
6469944	25	56	215655		19	-1		-1		32.000000		1
6421792	28	32	215664		28	-1		-1		60.000000		1
6423848	28	40	215767		28	-1		-1		60.000000		1
6362240	19	0	215943		28	-1		-1		60.000000		1
6381696	28	0	216105		28	-1		-1		60.000000		1
6466360	28	56	216393		31	-1		-1		32.000000		1
6373344	28	32	216446		28	-1		-1		60.000000		1
6471096	28	56	216734		19	-1		-1		32.000000		1
6367512	28	24	217072		28	-1		-1		60.000000		1
