0
1
2
4
7
11
16
21
25
30
36
40
45
51
55
60
66
70
75
81
85
90
96
100
105
111
115
120
126
130
135
141
145
150
155
159
164
169
173
178
184
188
193
199
203
208
213
217
222
227
231
236
242
246
251
257
261
266
272
276
281
287
291
296
302
306
311
317
321
326
332
336
341
347
351
356
362
366
371
377
381
386
392
393
395
398
402
407
413
417
422
428
432
437
443
447
452
458
462
467
473
477
482
488
492
497
503
507
512
518
522
527
533
537
542
548
552
557
563
567
572
578
582
587
593
597
602
608
612
617
623
627
632
638
642
647
653
657
662
668
672
677
683
687
692
698
702
707
713
717
722
728
732
737
743
747
752
758
762
767
773
777
782
788
792
797
801
806
808
811
813
818
823
826
829
832
836
841
846
850
853
856
860
865
870
874
877
880
884
889
894
898
901
904
908
913
918
922
925
928
932
937
942
946
949
952
956
961
966
970
973
976
980
985
990
994
997
1000
1004
1009
1014
1018
1021
1024
1028
1033
1038
1042
1045
1048
1052
1057
1062
1066
1069
1072
1076
1081
1086
1090
1093
1096
1100
1105
1110
1114
1117
1120
1124
1129
1134
1138
1141
1144
1148
1153
1158
1162
1165
1168
1172
1177
1182
1186
1189
1192
1196
1201
1206
1209
1212
1215
1219
1224
1229
1233
1236
1239
1243
1248
1253
1257
1260
1263
1267
1272
1277
1281
1284
1287
1291
1296
1301
1305
1308
1311
1315
1320
1325
1329
1332
1335
1339
1344
1349
1353
1356
1359
1363
1368
1373
1377
1380
1383
1387
1392
1397
1401
1404
1407
1411
1416
1421
1425
1428
1431
1435
1440
1445
1449
1451
1454
1456
1461
1466
1469
1472
1475
1479
1484
1489
1493
1496
1499
1503
1508
1513
1517
1520
1523
1527
1532
1537
1541
1544
1547
1551
1556
1561
1565
1568
1571
1575
1580
1585
1589
1592
1595
1599
1604
1609
1613
1616
1619
1623
1628
1633
1637
1640
1643
1647
1652
1657
1661
1664
1667
1671
1676
1681
1685
1688
1691
1695
1700
1705
1709
1712
1715
1719
1724
1729
1733
1736
1739
1743
1748
1753
1757
1760
1763
1767
1772
1777
1781
1784
1787
1791
1796
1801
1805
1808
1811
1815
1820
1825
1829
1832
1835
1839
1844
1849
1852
1855
1858
1862
1867
1872
1876
1879
1882
1886
1891
1896
1900
1903
1906
1910
1915
1920
1924
1927
1930
1934
1939
1944
1948
1951
1954
1958
1963
1968
1972
1975
1978
1982
1987
1992
1996
1999
2002
2006
2011
2016
2020
2023
2026
2030
2035
2040
2044
2047
2050
2054
2059
2064
2068
2071
2074
2078
2083
2088
2092
2096
2101
2107
2111
2116
2122
2126
2131
2137
2141
2146
2152
2156
2161
2167
2173
2180
2186
2192
2199
2205
2211
2218
2224
2230
2237
2243
2249
2256
2262
2268
2275
2281
2287
2294
2300
2306
2313
2319
2325
2332
2338
2344
2351
2357
2363
2370
2376
2382
2389
2395
2401
2408
2414
2420
2427
2433
2439
2446
2452
2458
2465
2471
2477
2484
2490
2496
2503
2509
2515
2522
2528
2534
2541
2547
2553
2560
2566
2572
2579
2585
2591
2598
2604
2610
2617
2623
2629
2636
2642
2648
2655
2661
2667
2674
2680
2686
2693
2699
2705
2712
2718
2724
2731
2737
2743
2750
2756
2762
2769
2775
2781
2788
2794
2800
2807
2813
2817
2822
2828
2834
2841
2847
2853
2860
2866
2872
2879
2885
2891
2898
2904
2910
2917
2923
2929
2936
2942
2948
2955
2961
2967
2974
2980
2986
2993
2999
3005
3012
3018
3024
3031
3037
3043
3050
3056
3062
3069
3075
3081
3088
3094
3100
3107
3113
3119
3126
3132
3138
3145
3151
3157
3164
3170
3176
3183
3189
3195
3202
3208
3214
3221
3227
3233
3240
3246
3252
3259
3265
3271
3278
3284
3290
3297
3303
3309
3316
3322
3328
3335
3341
3347
3354
3360
3366
3373
3379
3385
3392
3398
3404
3411
3417
3423
3430
3436
3442
3449
3455
3461
3468
3474
3478
3483
3489
3493
3498
3504
3508
3513
3519
3523
3528
3534
3541
3549
3558
3561
3563
3567
3570
3572
3576
3579
3581
3585
3588
3590
3594
3597
3599
3603
3608
3611
3617
3620
3622
3625
3628
3630
3634
3637
3639
3643
3646
3648
3652
3655
3657
3661
3664
3666
3670
3673
3675
3679
3682
3684
3688
3691
3693
3697
3700
3702
3706
3709
3711
3715
3718
3720
3724
3727
3729
3733
3736
3738
3742
3747
3750
3756
3759
3761
3764
3767
3769
3773
3776
3778
3782
3785
3787
3791
3794
3796
3800
3803
3805
3809
3812
3814
3818
3821
3823
3827
3830
3832
3836
